       xmin        xmax        zmin        zmax       ptmin       ptmax          <x>       <Q^2>         <z>        <pT>        A_UT   dA_UT(Collins)            A_UT   dA_UT(Sivers)
        0.2         0.3         0.2         0.3           0         0.2      0.28343      4.7421     0.23883     0.18905   0.0078828            0.1207       -0.019952          0.12108
        0.3         0.4         0.2         0.3           0         0.2      0.36178      5.8817     0.25503      0.1761    0.010212          0.023689       -0.014552         0.023648
        0.4         0.5         0.2         0.3           0         0.2      0.45024      7.0776     0.26497     0.15951    0.012393          0.015268      -0.0085723         0.015251
        0.5         0.6         0.2         0.3           0         0.2      0.54495      8.2553     0.27207     0.14305    0.014466          0.016896      -0.0037939           0.0169
        0.6         0.7         0.2         0.3           0         0.2      0.64095      9.3889     0.27734     0.13138    0.016643          0.026317      -0.0010409         0.026359
        0.1         0.2         0.2         0.3         0.2         0.4      0.17472      3.1827     0.23564     0.35042   0.0062642         0.0077755       -0.040593        0.0077711
        0.2         0.3         0.2         0.3         0.2         0.4      0.25086      4.4157      0.2456     0.33298   0.0097511         0.0043398       -0.037226        0.0043396
        0.3         0.4         0.2         0.3         0.2         0.4      0.34616      5.8086     0.25621     0.31401    0.014954          0.004696       -0.027204        0.0046949
        0.4         0.5         0.2         0.3         0.2         0.4      0.44314      7.1107     0.26432     0.30346    0.020756         0.0063806        -0.01669        0.0063847
        0.5         0.6         0.2         0.3         0.2         0.4      0.54053      8.3335     0.27082     0.29362    0.026732          0.010621      -0.0079487         0.010634
        0.6         0.7         0.2         0.3         0.2         0.4      0.63767      9.4951     0.27607     0.28491    0.032855          0.022157      -0.0023352         0.022171
        0.1         0.2         0.2         0.3         0.4         0.6       0.1722      3.1442     0.24773     0.49031   0.0079043         0.0042295       -0.056969        0.0042284
        0.2         0.3         0.2         0.3         0.4         0.6      0.24492      4.3456      0.2537     0.48302    0.012265         0.0032465       -0.054208        0.0032458
        0.3         0.4         0.2         0.3         0.4         0.6      0.34092      5.7838     0.26224     0.47099    0.019477         0.0051788       -0.041068        0.0051791
        0.4         0.5         0.2         0.3         0.4         0.6      0.43874      7.1364     0.26892     0.46241    0.027553          0.010185       -0.025614         0.010191
        0.5         0.6         0.2         0.3         0.4         0.6       0.5378       8.394     0.27366     0.46001    0.036673          0.025576       -0.012458         0.025546
        0.6         0.7         0.2         0.3         0.4         0.6      0.63688      9.5501     0.27742     0.46073      0.0469          0.081557       -0.003705         0.081567
        0.1         0.2         0.2         0.3         0.6         0.8      0.17016      3.1133     0.26939     0.65409   0.0093022          0.008902       -0.076453        0.0088951
        0.2         0.3         0.2         0.3         0.6         0.8      0.23894      4.2782     0.27364      0.6479    0.013901         0.0087508       -0.073315        0.0087515
        0.3         0.4         0.2         0.3         0.6         0.8      0.33569      5.7781     0.27814     0.64082    0.022061          0.022708       -0.056028         0.022727
        0.4         0.5         0.2         0.3         0.6         0.8      0.43574      7.2023     0.28123      0.6357    0.031581          0.080171       -0.034894         0.080227
        0.3         0.4         0.3         0.4           0         0.2      0.37475      5.9132     0.33099     0.17763    0.013753          0.055277        -0.01463          0.05535
        0.4         0.5         0.3         0.4           0         0.2      0.45678      7.0178     0.33884     0.15949    0.015648          0.019154      -0.0083463         0.019134
        0.5         0.6         0.3         0.4           0         0.2      0.54877      8.1393     0.34228     0.14087    0.017462          0.015601      -0.0034445         0.015582
        0.6         0.7         0.3         0.4           0         0.2      0.64438      9.1904     0.34358     0.12904    0.019839          0.019707     -0.00076711         0.019724
        0.1         0.2         0.3         0.4         0.2         0.4      0.18442      3.3165      0.3151     0.38083   0.0090982          0.059113       -0.050708         0.059088
        0.2         0.3         0.3         0.4         0.2         0.4      0.26248      4.5396     0.33101     0.35568    0.014126          0.011633       -0.042954         0.011648
        0.3         0.4         0.3         0.4         0.2         0.4      0.35184      5.8208     0.33899     0.32611    0.019891          0.007184       -0.029213        0.0071776
        0.4         0.5         0.3         0.4         0.2         0.4      0.44694      7.0679     0.34221     0.30949     0.02648          0.007088       -0.016812        0.0070864
        0.5         0.6         0.3         0.4         0.2         0.4      0.54376      8.2295     0.34397     0.30102    0.033801         0.0093225      -0.0075086        0.0093177
        0.6         0.7         0.3         0.4         0.2         0.4      0.64077      9.3146     0.34562     0.29294    0.041236          0.015604      -0.0018074           0.0156
        0.1         0.2         0.3         0.4         0.4         0.6      0.17453      3.1785     0.33634     0.51483    0.010316         0.0082786       -0.067631        0.0082819
        0.2         0.3         0.3         0.4         0.4         0.6      0.24985      4.3983     0.34069     0.50195    0.016316         0.0047015       -0.060747        0.0047015
        0.3         0.4         0.3         0.4         0.4         0.6      0.34565      5.7945      0.3439     0.49274    0.025736          0.005317       -0.043715        0.0053131
        0.4         0.5         0.3         0.4         0.4         0.6      0.44253      7.0933     0.34729     0.48228    0.035869         0.0075316        -0.02594        0.0075293
        0.5         0.6         0.3         0.4         0.4         0.6      0.54012      8.3085     0.35022      0.4744    0.046655          0.013576       -0.011743         0.013559
        0.6         0.7         0.3         0.4         0.4         0.6      0.63867      9.4072     0.35131     0.47119     0.05874          0.032237       -0.002842         0.032238
        0.1         0.2         0.3         0.4         0.6         0.8      0.17241      3.1465     0.34449     0.68548    0.011568         0.0075422       -0.086029        0.0075418
        0.2         0.3         0.3         0.4         0.6         0.8      0.24514      4.3451     0.34788     0.67785    0.018113         0.0056448       -0.078944        0.0056404
        0.3         0.4         0.3         0.4         0.6         0.8      0.34038      5.7783     0.35415     0.66648    0.028771         0.0089937       -0.057392        0.0089787
        0.4         0.5         0.3         0.4         0.6         0.8      0.43856      7.1361     0.35828     0.65988    0.040902          0.018944       -0.034273         0.018956
        0.5         0.6         0.3         0.4         0.6         0.8      0.53856      8.3874     0.35986     0.65722    0.054541          0.052098       -0.015419         0.052182
        0.1         0.2         0.3         0.4         0.8           1      0.17037      3.1161     0.35985     0.86002    0.011888          0.015864        -0.10138         0.015808
        0.2         0.3         0.3         0.4         0.8           1      0.23909      4.2779      0.3649     0.85377    0.018035          0.015131       -0.094199         0.015133
        0.3         0.4         0.3         0.4         0.8           1       0.3357      5.7747     0.37056     0.84673    0.028994          0.038157       -0.068734         0.038205
        0.4         0.5         0.4         0.5           0         0.2      0.46255      6.9959     0.44002     0.16084    0.019069           0.03523      -0.0072479         0.035292
        0.5         0.6         0.4         0.5           0         0.2      0.55082      8.1031      0.4426     0.14106    0.020562          0.022939      -0.0026585         0.022875
        0.6         0.7         0.4         0.5           0         0.2      0.64517      9.1638     0.44363     0.12918     0.02308          0.026451     -0.00027145         0.026544
        0.2         0.3         0.4         0.5         0.2         0.4      0.27871      4.6949     0.42793     0.36976    0.019625          0.052182       -0.043569         0.052147
        0.3         0.4         0.4         0.5         0.2         0.4      0.35821       5.845     0.43793     0.33947    0.025247          0.015089        -0.02836         0.015082
        0.4         0.5         0.4         0.5         0.2         0.4       0.4491      7.0531     0.44208     0.31562    0.031954          0.011094       -0.015114         0.011092
        0.5         0.6         0.4         0.5         0.2         0.4      0.54521      8.2042      0.4436      0.3057    0.040411          0.012751      -0.0058952         0.012741
        0.6         0.7         0.4         0.5         0.2         0.4      0.64194      9.2686     0.44462     0.29988    0.049456          0.019109     -0.00068699         0.019104
        0.1         0.2         0.4         0.5         0.4         0.6      0.17932      3.2474     0.42774     0.55552    0.013145           0.02916       -0.076517         0.029156
        0.2         0.3         0.4         0.5         0.4         0.6      0.25622      4.4708     0.43772     0.52031    0.020635         0.0098476       -0.062321        0.0098459
        0.3         0.4         0.4         0.5         0.4         0.6      0.34812      5.8028      0.4425     0.50059    0.031294         0.0081478       -0.041477        0.0081493
        0.4         0.5         0.4         0.5         0.4         0.6       0.4451      7.0739     0.44427     0.49402     0.04393         0.0095288       -0.022927        0.0095305
        0.5         0.6         0.4         0.5         0.4         0.6      0.54196      8.2599      0.4461     0.48669     0.05685          0.013962      -0.0091571         0.013944
        0.6         0.7         0.4         0.5         0.4         0.6      0.63863      9.3686      0.4473     0.47974    0.070071          0.026797       -0.001131         0.026767
        0.1         0.2         0.4         0.5         0.6         0.8      0.17362      3.1645     0.44138     0.69636    0.013925          0.012808       -0.089934         0.012809
        0.2         0.3         0.4         0.5         0.6         0.8      0.24859      4.3825     0.44352     0.69099    0.022409         0.0078519       -0.078183        0.0078577
        0.3         0.4         0.4         0.5         0.6         0.8      0.34474      5.7891     0.44579     0.68466    0.035983         0.0094529       -0.053025        0.0094534
        0.4         0.5         0.4         0.5         0.6         0.8      0.44124      7.0998     0.44926     0.67542    0.050554           0.01424        -0.02944         0.014239
        0.5         0.6         0.4         0.5         0.6         0.8       0.5393      8.3289     0.45141     0.67021     0.06638          0.028265       -0.011749         0.028207
        0.6         0.7         0.4         0.5         0.6         0.8       0.6299      9.4023     0.44944     0.66068    0.080878          0.081472      -0.0018806         0.081568
        0.1         0.2         0.4         0.5         0.8           1      0.17244      3.1464     0.44545     0.88189    0.014393            0.0157        -0.10231         0.015666
        0.2         0.3         0.4         0.5         0.8           1      0.24514      4.3439     0.44822     0.87585    0.022802          0.011694       -0.089707         0.011684
        0.3         0.4         0.4         0.5         0.8           1       0.3398       5.773     0.45372     0.86601    0.036402          0.018735        -0.06112         0.018713
        0.4         0.5         0.4         0.5         0.8           1      0.43809      7.1348     0.45686     0.86074    0.052074          0.040931       -0.033798         0.040924
        0.1         0.2         0.4         0.5           1         1.2      0.17075      3.1216     0.45518      1.0634    0.013746          0.033034        -0.10765         0.033079
        0.2         0.3         0.4         0.5           1         1.2      0.23942      4.2796     0.46009       1.058    0.021074          0.030997        -0.09527          0.03082
        0.4         0.5         0.5         0.6           0         0.2      0.46726      6.9867     0.53999     0.16118     0.02137          0.060914      -0.0044374         0.060865
        0.5         0.6         0.5         0.6           0         0.2      0.55282      8.0725     0.54292     0.14011    0.022504          0.032419     -0.00096298         0.032411
        0.6         0.7         0.5         0.6           0         0.2      0.64544      9.1399      0.5432     0.12978    0.025223          0.034631      0.00056745         0.034616
        0.3         0.4         0.5         0.6         0.2         0.4      0.36624      5.8775     0.53754     0.34731    0.029971          0.032635       -0.021313         0.032701
        0.4         0.5         0.5         0.6         0.2         0.4      0.45161       7.034     0.54193     0.32066    0.036202          0.017357      -0.0097074         0.017327
        0.5         0.6         0.5         0.6         0.2         0.4      0.54625      8.1864     0.54321     0.30768    0.044833          0.017412      -0.0023069         0.017409
        0.6         0.7         0.5         0.6         0.2         0.4       0.6417      9.2342     0.54337     0.30136    0.054437          0.024475       0.0012197         0.024486
        0.2         0.3         0.5         0.6         0.4         0.6      0.26721      4.5893       0.535     0.53906    0.025635           0.02487       -0.053921         0.024878
        0.3         0.4         0.5         0.6         0.4         0.6      0.35132      5.8156     0.54153     0.50851    0.035953          0.013254       -0.031597         0.013251
        0.4         0.5         0.5         0.6         0.4         0.6      0.44636      7.0646     0.54355     0.49816    0.049635           0.01309       -0.014549         0.013106
        0.5         0.6         0.5         0.6         0.4         0.6      0.54345      8.2252     0.54459     0.49354    0.064769          0.017009       -0.003569         0.016986
        0.6         0.7         0.5         0.6         0.4         0.6      0.63432      9.3077     0.54234      0.4823    0.077168          0.030349       0.0016299         0.030412
        0.1         0.2         0.5         0.6         0.6         0.8      0.17712      3.2161     0.53533     0.72405    0.016273          0.029414       -0.086365         0.029432
        0.2         0.3         0.5         0.6         0.6         0.8      0.25178      4.4189     0.54166     0.69948     0.02603          0.012798       -0.066831           0.0128
        0.3         0.4         0.5         0.6         0.6         0.8      0.34673       5.795     0.54426      0.6912    0.041674          0.012653       -0.039397         0.012662
        0.4         0.5         0.5         0.6         0.6         0.8      0.44383      7.0781     0.54569     0.68586    0.059205          0.015952       -0.018172          0.01592
        0.5         0.6         0.5         0.6         0.6         0.8      0.53997      8.2856     0.54732     0.67813    0.076656          0.025448      -0.0045229         0.025468
        0.1         0.2         0.5         0.6         0.8           1      0.17304      3.1551     0.54415     0.88807    0.016638          0.022904       -0.092791         0.022989
        0.2         0.3         0.5         0.6         0.8           1      0.24799      4.3746     0.54523     0.88527    0.027139          0.014802       -0.074179         0.014786
        0.3         0.4         0.5         0.6         0.8           1      0.34382      5.7826     0.54728     0.87953    0.044041          0.018388       -0.043848         0.018419
        0.4         0.5         0.5         0.6         0.8           1      0.43998      7.1034     0.55056     0.87168    0.062206           0.02929       -0.020055         0.029207
        0.1         0.2         0.5         0.6           1         1.2      0.17223      3.1425     0.54681       1.079    0.016377          0.034202       -0.094242         0.034177
        0.2         0.3         0.5         0.6           1         1.2      0.24509      4.3429     0.54903      1.0739    0.026278          0.025487       -0.075712         0.025385
        0.3         0.4         0.5         0.6           1         1.2      0.33964      5.7729     0.55381       1.066    0.042316          0.040891       -0.044436         0.040633
        0.5         0.6         0.6         0.7           0         0.2      0.55462      8.0471     0.64261     0.13937    0.023649          0.043951       0.0018409         0.044039
        0.6         0.7         0.6         0.7           0         0.2      0.63514      9.0726     0.63481     0.12884    0.025327          0.053054       0.0017803         0.053188
        0.3         0.4         0.6         0.7         0.2         0.4      0.37366      5.9083     0.63704     0.35264    0.033568          0.071173      -0.0065808         0.071106
        0.4         0.5         0.6         0.7         0.2         0.4      0.45462      7.0184     0.64137     0.32485    0.039341          0.026558      0.00067793         0.026538
        0.5         0.6         0.6         0.7         0.2         0.4       0.5466       8.161     0.64275     0.30955    0.047622          0.023275       0.0038105         0.023391
        0.6         0.7         0.6         0.7         0.2         0.4      0.62889      9.1716     0.63312     0.29644    0.053857          0.040277         0.00388         0.040388
        0.2         0.3         0.6         0.7         0.4         0.6      0.27816      4.6893     0.63338     0.55129    0.030379          0.072794       -0.031333         0.072837
        0.3         0.4         0.6         0.7         0.4         0.6      0.35593      5.8314     0.64028      0.5173    0.040105          0.022461       -0.011132          0.02244
        0.4         0.5         0.6         0.7         0.4         0.6      0.44748       7.058     0.64306     0.50124    0.053543          0.018041      0.00077816         0.018091
        0.5         0.6         0.6         0.7         0.4         0.6      0.54247      8.2028     0.64173     0.49402    0.068953          0.022162       0.0054311           0.0221
        0.2         0.3         0.6         0.7         0.6         0.8      0.25899      4.5001     0.63917     0.71362    0.029987          0.023814       -0.040499         0.023855
        0.3         0.4         0.6         0.7         0.6         0.8      0.34809      5.7988     0.64334     0.69516    0.045747          0.017687       -0.013951         0.017657
        0.4         0.5         0.6         0.7         0.6         0.8       0.4449      7.0649     0.64427     0.69068    0.065392          0.019767      0.00098814         0.019801
        0.5         0.6         0.6         0.7         0.6         0.8      0.53221      8.2016     0.63651     0.67538    0.080846          0.033822       0.0055986         0.034044
        0.1         0.2         0.6         0.7         0.8           1      0.17506      3.1859     0.64044     0.90086     0.01839           0.03956       -0.071116         0.039712
        0.2         0.3         0.6         0.7         0.8           1      0.24941      4.3897     0.64402     0.88994    0.030282           0.02072       -0.044925         0.020668
        0.3         0.4         0.6         0.7         0.8           1      0.34583       5.788     0.64509     0.88604    0.050047          0.022171       -0.015025         0.022137
        0.4         0.5         0.6         0.7         0.8           1      0.43836      7.0511     0.64266     0.87385    0.069541          0.031884      8.9093e-05         0.031847
        0.1         0.2         0.6         0.7           1         1.2       0.1723      3.1426     0.64556      1.0841    0.018395          0.044115       -0.069303         0.044302
        0.2         0.3         0.6         0.7           1         1.2      0.24737       4.365     0.64631      1.0817    0.030636          0.029203       -0.044296          0.02918
        0.3         0.4         0.6         0.7           1         1.2      0.34052      5.7501     0.64537      1.0716      0.0494          0.039126       -0.015991         0.039104